0.0
1.0
1.0
1.0
0.0
1.0
1.0
0.0
0.0
1.0
0.0
0.0
1.0
1.0
1.0
0.0
-0.3643412785569546
-0.023030732896662645
-0.11252377270327794
0.4940385003760865
0.22452867867472415
0.2593747535165538
0.44554157090323854
-0.14846451057400292
0.10913533618580173
0.49624931324718263
-0.3024518039559544
-0.23964508064545653
0.49337880056011635
-0.33712084531262804
-0.3160417481927245
0.4925171994673084
-0.038027324056224
0.37443707342688615
-0.23518422310660797
0.497173305135421
-0.3587115894079144
-0.40740286974995393
-0.19244768278446361
0.44384141812187095
-0.0671198543210093
-0.16896905430927076
-0.13558987213127935
0.06022408583405025
0.021727613909703652
0.23543663302966628
0.36428784140934584
-0.3492281092206977
-0.34480947620261204
0.3777247830036962
-0.29070280042481067
0.4557730780799986
0.25508293255714387
-0.07833420794590343
0.09927957389464243
-0.1712147388318662
0.046897458063248645
-0.400702890591617
-0.12356697426998742
-0.3011041426329465
0.2919599757279148
-0.1525948102198501
0.19921202367783877
-0.3595318413176856
0.39361145321282265
-0.06058568810715489
0.18803889395553447
-0.013405710460590666
-0.13358224860940313
0.49450321796744684
-0.32722890361792584
-0.10240086243939096
0.23926800818507518
0.4963231759297499
0.4509627700875664
-0.289408251597405
0.09371390636130526
0.2579744372682755
-0.12853227339350407
0.3041673129571571
-0.2672866399214205
-0.1583506801486588
0.031069089222566314
0.149761664626005
-0.010865641531268599
-0.03502877374909424
0.438420290969078
0.13640720640671028
0.01885383827055011
-0.14433491686354455
-0.36118473340237534
0.20282949929775435
0.11149058638935704
0.31446221982452066
0.06877155535707606
0.044034423663157594
-0.36309584417694263
0.3373606186345559
-0.22268382302406856
0.49727446464079367
-0.3471959568456385
0.3221544431452524
0.32924998893485313
0.49642451285247824
-0.41210582180979743
0.14560284869569312
0.4487556422302183
-0.33922940469410673
0.43438807448570627
0.1945812357282862
0.4964938673567304
0.49641076066170525
0.4301207975364384
0.3029694676165893
0.4976881755181164
0.07200681685613153
-0.00398682971588625
0.025359095531185993
-0.11850456362472062
0.22976124873777973
0.19225666247237846
0.49303234552460423
-0.30924151022120605
0.4691583827080036
0.0690486059360752
-0.02262162919996893
0.4896966502603535
-0.3555622133226624
0.3287269272182932
0.3734411347815784
0.11442338953796942
0.22491563325722577
-0.37239429748497976
-0.34480807243536443
0.13079035268586733
-0.20726835741319743
0.33691366413324403
0.1644380874733652
-0.11300231476553346
-0.08292863510132613
-0.348122068453716
-0.06948601929685165
-0.1766781046944736
0.041194525168998804
-0.24682633289980327
0.18000058550334186
0.22220304420928633
0.4931229707025957
-0.2319779363759088
0.34061490132647815
0.23200158568160562
-0.17905930713663099
0.4412632321240333
0.34726340620494184
0.49640978076981085
-0.07093140412983473
0.1917000833826549
0.34118889967919364
0.49607819389769225
0.4777579700692796
0.022832036015973365
-0.4744340719388069
-0.29815681895814605
-0.3400290028004769
0.27392140532384024
-0.40686094672836753
-0.45421341151558053
0.36924913978312396
-0.3659223718177624
-0.25534704607928166
0.256105707636157
0.24669886352585743
-0.37562413981808057
-0.4811309012111875
0.10697381378997953
0.4352283380925514
-0.39852470610944285
-0.36399907368174156
-0.37637349257121966
-0.2632194224875025
-0.4107712359835941
-0.4805833093588041
-0.07417264416255377
0.4083657102032361
0.2002572365767909
0.3711567826252233
0.13644893178849224
-0.18053529248839198
0.20225129781958018
-0.02595035772636985
-0.01846935903326699
-0.12391960698367269
-0.3928604605426334
-0.07395222572698631
-0.3542908117089869
-0.22929752225099762
-0.3003280295501171
-0.07650426160977811
0.056579694697304825
0.36680099125400767
-0.3924645549932343
-0.44313391415784076
-0.17345289260670307
-0.37571830708159565
-0.06539723050591695
0.41158815947486976
-0.48087851178721
0.1592194944722631
-0.3380253828486281
0.22249206388665463
0.24554618794058922
0.27250508211677027
0.2717991246330698
-0.0867224031657114
-0.12258921929923886
-0.31524894570410694
-0.04072031500545952
0.42732864540574067
-0.3720844044960676
-0.19099432394400503
0.26035460058189824
0.10671709244613682
-0.08430738878579343
0.29643083525952946
-0.05200429122159495
-0.1021942730474722
0.37497211139696096
0.005059659312026213
-0.15066902450203867
-0.2755370015623216
-0.464948173966134
-0.3499364594623859
-0.0927434515189326
-0.4172250967676844
0.3209779503866931
0.43681940612279835
-0.017745152173275647
-0.07038588944535737
0.27322963282670854
0.19167683942085145
-0.47732287699691534
0.4310972914733157
-0.09729355757772987
-0.3936468958354249
0.025402284403120864
0.10062174322500399
-0.46119958069305006
0.39882425149977985
0.3205358394540624
0.1826936214371861
-0.3434314944562872
0.1421883506979563
0.22549827419855267
-0.1534432831636314
-0.22821676800437057
0.10934193300292518
0.2668383649283334
0.03735124543625158
-0.4003418320173073
0.18851814370327571
0.28259790364295984
-0.48555117342161147
0.053579567340898006
-0.4724438274061827
-0.22649961325283696
-0.30927357982938986
0.3190740307833472
0.07842665215070223
0.12515628787430347
-0.12656229120306303
0.2932311510887393
-0.08176160230292392
-0.01607520788322904
0.0804824494177012
-0.042768804745475265
0.12735549434734833
0.13871047540019443
-0.08587781167449018
-0.20701933818321744
-0.29491180819579976
0.02969205395446749
0.2829815602517815
-0.4724183975826371
-0.4794454554292618
-0.26155318968204855
0.36776867177896266
0.07187628797527029
-0.4700727323596555
-0.4246145147026984
-0.07905553253514015
0.27177687557062885
-0.3795254505238042
-0.10389785704551747
-0.3917361250220143
0.3742822985334104
-0.277555881216876
0.3320383683209921
-0.39227887793078065
-0.15460739841609517
-0.15779598414005824
0.1682469153943407
0.28792023060242156
0.13318944501996607
0.2693376553255285
-0.30313725829428073
0.263839272267143
-0.47793379483421833
0.008660466909920823
-0.390025676949022
0.302684694458847
-0.04797228934146073
-0.4805127444140613
0.4193974824342018
0.1890175102209096
-0.0951389104117424
-0.3898010325707964
0.002865887779050017
-0.45229282580272423
-0.14926789199268822
0.2994400075360903
-0.39232365353392157
-0.48815360561835164
-0.4265423102165934
-0.4910004515057446
0.17219975875905863
-0.35128533306624904
-0.28011149297726046
-0.35151610662414745
-0.3998780000471303
0.4303978410413966
0.009949543886042923
0.0947638718311043
0.3870167098764622
-0.06784059504602748
-0.039017427407780136
-0.33552743745323993
0.3225686812311714
-0.47954864679902376
0.4002149519150344
0.32460128376970826
-0.4725779260713423
-0.43720510058598866
0.06447377717751433
-0.1507832633015773
-0.48110809804128674
0.0013207595246909315
0.11339862945144405
0.41452603417418804
-0.2975072440612975
-0.27678641788150593
0.36305876412520405
0.057387323885418666
-0.06930883821608672
-0.04108897261883147
0.4058456407313776
0.3317480811019246
-0.48613179200427414
-0.49063210205798335
-0.34037053673382667
0.06327420717842139
-0.19484346761495558
0.22093157727323848
0.37706156789396206
-0.32588317312884063
0.35024589385402
-0.08514540086183808
0.157981045588994
-0.30347255693611247
-0.47132721595133936
0.32291260391921756
-0.22601493798117595
0.10930038774403761
0.38400746828585275
-0.45627784703485386
-0.39017013772100445
-0.4916701795903402
-0.3109290095465062
0.10220330053156085
-0.044576565443966924
-0.3783099025839308
0.37395361657765014
0.08479905376500119
0.02705124366225841
-0.07778315542827531
-0.33790131692573144
0.008373736487828028
-0.0674713739769913
0.4366567517177643
0.33308081907728126
-0.2725509702264923
-0.4770648197767163
-0.05604678963833333
-0.48157395973847855
0.15116903907624393
-0.3029741039000029
0.07368701269933381
-0.4435381429477485
0.38475438721983074
-0.4913974221051621
0.33500445339636936
0.02862539469267843
-0.13425762610496494
-0.001877129203652604
0.14162030338266282
0.039800493815218774
-0.2797416962033989
-0.4028840242507754
0.30104716197366493
-0.4773647893793103
0.4097485483032287
-0.13175925166628077
-0.4068875802588807
-0.372630474309871
0.17638955516995314
-0.13952619481135725
0.215296050709364
-0.2954025541568351
0.14728288993243596
-0.3987574598823907
-0.3398295070476911
-0.06406178263730786
-0.06192488179639079
0.1402908960168691
-0.3836429508096011
0.3744816262640422
-0.4912858482763223
-0.01857294406257433
-0.061966926555346385
0.19138659236190192
-0.2032083586366817
-0.36628560313613584
-0.4603343363171748
-0.11522325297152672
0.1695525092348483
0.39108124651202564
-0.17284740449827068
0.18939423052597895
-0.4816167962614578
0.39416347674799745
-0.015775701324066277
0.017864297159746273
0.40951933055192274
0.36967766279017156
-0.14762730495969523
-0.4812377167407744
-0.4807889816297357
-0.4838533935980304
-0.4833721876484814
0.04846885694869894
0.32359200555279777
0.042133289950765415
0.08102998189763548
0.44248044186302515
-0.0017580534442562135
0.2614232316737445
-0.026872317119912593
0.41463804627375217
0.06149449255857039
0.06637358767059179
-0.29687728217607323
-0.29390433243921943
0.19935212715136316
0.36282058970542436
-0.36184443565144286
0.11102302790509984
0.19691322444404663
-0.14597759898681717
0.2530130715823662
0.25210451580063475
0.07962911569321018
0.4417265320444522
0.056790535422384186
-0.02512028430786757
0.12029067196580373
0.27364225948775384
-0.029030799292957526
-0.1627254299565059
0.39504947410666996
0.4024143927892407
0.03322220470482327
-0.08440970647979276
-0.12162557811956169
-0.10807486173306133
-0.22289051133574808
0.03387410149067507
0.16900970052640168
-0.20256113103598158
-0.4758155336798192
-0.4168866193075985
0.1572728292477314
-0.47568425867018616
0.11613837226762033
0.33279502207816664
-0.17527074816432603
0.03661748177390438
-0.3875504215628275
0.2437646746837837
0.266522025158421
-0.045359932674443604
0.24522289132058742
0.23405065448333517
0.18464656353101336
-0.2367613748194521
0.2186727878468142
-0.4740717593815205
0.34092868725869296
-0.167914452975495
-0.4567700586184835
0.23025795672901667
-0.3280369153386661
-0.31806763991132714
0.22908199466491794
-0.06514161068053105
-0.47861251783724923
-0.21976847977732222
-0.47555049228278523
-0.1348598124419202
-0.2075780655074895
0.12633105757212842
0.3679908720331228
-0.4722133604478809
0.19017922837250859
-0.03691142695604043
-0.2696744120649249
0.18256281833154245
-0.15388466523112296
-0.05118956728383709
-0.04582821570338548
-0.097501194858909
0.073892515799517
0.08556230830038362
0.3992250285211449
-0.19685670139279682
0.2108421597861003
-0.0449390690186992
-0.4503520690206554
-0.29928339115204755
-0.4771595674828395
-0.2291139998479341
-0.11779809784474585
-0.19586774299057705
-0.3992297510232287
0.2313724625280236
0.28868055459361674
0.10246949897226344
-0.21553337290470345
-0.032599429477870194
0.16457284094550859
-0.3526989498057219
0.04072784330776313
-0.3088524986086701
-0.3743751898644012
0.3807269837154918
0.04503870272403571
0.1103212551356281
0.08502468918224199
0.08837540823692334
-0.26826035389878855
-0.47642234983216014
0.26259929387985953
-0.47516528032529215
-0.4393445020788442
0.18708355821576983
-0.45587598913144556
0.14866956191307235
-0.04038306439552259
0.44315458947780834
-0.3414718229565449
-0.4752951849308206
0.04363928423335915
0.4018056245970005
-0.4798599074801407
-0.19302853364403505
-0.06449180176349076
0.25512489376507264
-0.42661272266047484
-0.341402059441798
-0.14398945545660702
-0.2625623731823455
0.20839251012905702
-0.20777130783997272
-0.1906438170956993
-0.4477773525429699
0.37902269563443836
0.24144205089563647
-0.42826620825124323
-0.4655794812524839
0.12938188073242188
0.3707222617335477
0.30825494899818207
-0.026838739576506395
-0.18351205378295346
0.18677828237389443
0.24784248851700064
0.31865872374779364
0.174564517320777
0.18379378830990037
-0.18467637348231433
-0.35051849678541924
0.3165046569282273
0.15980465660664933
0.05892516556573774
-0.4061219477203139
0.055945427232128364
-0.15800321444815885
-0.08846864205960858
0.1567431210416725
-0.21821534808106877
0.24751332768497677
0.13887892106415425
-0.386716216694901
0.3242474009585214
-0.15967607704832898
0.3003491137180469
-0.13262366846663518
-0.4624768766802124
-0.2742108385044922
0.09813643469302577
-0.08855701244551498
-0.4401068402569291
0.304283153680605
-0.46202552532175994
0.3093967315340742
-0.16802750017255141
-0.42931795847040904
0.322127496989979
-0.38675835987187207
0.2894052064851253
-0.07162872870968734
0.0768918840344083
-0.23283049734687783
-0.2013208766384279
-0.4540638643945295
-0.11928979909389918
-0.035865385820250915
0.3157391525845333
-0.28561367236698376
0.0731852440715053
0.1473317247908492
0.0939607246367537
0.11431763043948615
0.35716075433221417
-0.03149068275555961
0.18940168476846167
-0.12067812575387685
0.16529207427618609
0.40280108143989085
-0.45854830589597967
0.2594033369613442
0.3952577931538023
0.16546160628537224
0.4189041718995789
-0.11362867906628135
0.2554235856106514
-0.041240193526270987
-0.07572015362825434
-0.2104596274445088
0.13908141573929952
-0.19052001666527313
0.4056995610219102
0.4623972252534183
-0.2971358133663015
-0.1294423642216127
0.3884193224558848
0.41333562826786885
0.4102318360408841
-0.2744522777554234
-0.1610672616097974
-0.23576710917812851
0.28655051637895024
-0.03344978429509169
-0.09165702992610335
0.22872420118872083
0.36641371000881245
-0.1072175513199928
-0.005154399865747071
-0.4587638981185448
-0.4270518947920067
0.08767362919065882
-0.3008809500691437
-0.39868231464010995
0.15052016721552633
-0.257987492526747
-0.43747257003741613
0.17864682441845164
0.3474810371191448
-0.2037107065366235
0.22487724631000547
-0.15623801242309399
-0.38382453693669816
-0.43882839261654827
0.369419409592287
-0.3191081081862077
0.2731542245373499
-0.15412246308699795
0.3892870555462342
0.29543960957687054
0.3723961182702681
0.46971801097668864
-0.47528917310359925
-0.33831793615987066
0.1381191238161173
-0.0019415194819591872
-0.16126052381085137
-0.02066399664127291
0.39088830382281864
-0.2244805724606566
-0.09249422797013383
0.07739206397908216
0.3603719779802049
0.09163816744481625
0.3755309235074077
-0.06744796653268345
0.07404502879652007
0.17681506116011958
-0.36257587318312023
-0.05739686438422302
0.11097721361651479
0.3521790262465116
0.03487518296589128
-0.10378906722513531
-0.2900875706596921
0.19778003003310235
0.11547922120211287
-0.40805238202349403
0.04343081938149094
-0.00233785244298568
0.4575664750563582
-0.002261044156886532
-0.3928519322497226
-0.11388025739707706
0.3344140801286838
0.3080323563622721
-8.849940859204977E-5
0.11935755296337014
-0.17347983460660363
0.202985787774129
-0.16153543092035613
-0.24530629478986096
0.26514115800061117
-0.5
-0.2981986687158777
-0.052908897207835794
-0.5
0.07155656766335207
-0.3572338354225671
0.1065302777647141
-0.5
-0.5
-0.3727409116634369
-0.4982820518472286
-0.09255577324554812
-0.4676512308458772
-0.11113580063780362
-0.07156213910553604
0.3051052329537977
-0.3160536141654096
0.37150956734860763
0.29079795099043
-0.3964721715845319
0.005933130621644925
-0.5
-0.358091747917024
-0.3743994658840108
0.3331218215394426
0.15912789911466316
-0.40213426619616705
0.0760930318974713
0.21611665627551138
0.2178557922440963
-0.23255333610675244
-0.4078811737990495
-0.26469904549738876
-0.28438494494629146
0.3810500138592033
-0.13071354999625553
-0.2618788036516311
-0.4835592064701644
-0.251599007073849
0.38743621760446717
-0.20674715713017927
0.2554346557992453
0.1458380361640979
0.4101989920129922
-0.4685312866005251
0.08900040157208164
-0.24009657490518393
-0.13511776651582216
-0.027399010928230997
-0.4082574597459319
0.3267962117486288
0.10861591293715606
-0.14424219932842788
0.15088252084385595
-0.5
-0.3929636118270014
-0.3454018904184717
-0.4640541778257671
-0.19216279858281143
-0.3781811153051672
-0.3486500839827202
0.2296317243182765
-0.32182533727665485
-0.36154258739968
-0.44462334403667964
-0.03246070549156019
0.00608412147448335
-0.22397615212003838
0.28575607249387674
-0.3107927208423676
-0.05805657706635629
-0.3614983557337535
0.3681799738251169
-0.15316467397378514
-0.05638972496347564
-0.43567082772537574
0.3379919732678394
0.3241863919183651
-0.31628304312988265
-0.10324989055551023
-0.5
-0.5
-0.16448659637647703
-0.40874230208112344
-0.3967197773660322
-0.2019499307132859
0.36120899949809243
-0.15749409757433216
-0.08822377839099578
0.09153645112433724
-0.23142062980223582
-0.40436724048088857
-0.0864713159177698
-0.5
0.22438966121602333
0.16813767420690917
-0.21890788660660151
-0.2586786442815248
0.018157403530633935
-0.2915143522378806
-0.5
0.2680371728177752
-0.5
-0.1490523850085778
-0.378160640901725
-0.28246125963465923
-0.35252392210061995
0.39682351013438594
0.15835482518191946
0.1535794969322664
0.16734168566353014
0.1602419820929403
-0.2810131297224471
-0.1152792583398537
-0.19688715853579156
-0.28045662612869016
-0.39778529068343793
0.3063089663752598
0.14506355679342217
-0.06819962468725618
-0.3664082412011361
-0.05669759040290912
-0.27852076521105973
-0.38848506164163293
-0.44689269436289103
-0.4002513309321385
-0.33603887507611835
0.25525531046506117
0.21466659667607818
0.15165796902564366
0.1886341158907975
-0.43229928369733583
-0.15697318690112777
0.06992291442322035
-0.21610353567199164
-0.3389327081713995
-0.13914806845434452
-0.053491994099162145
-0.28699889954368374
0.30748874054266867
-0.49638137584660336
0.345846322588763
-0.18735019504419098
0.2781607914183637
0.27432003861281334
-0.15925086376870307
0.024522661564241714
-0.11326030127403275
-0.04986634624346335
-0.14001901482333706
-0.22460059845546387
0.25443680810140734
-0.07533992590476982
-0.2138304875164057
-0.18220453387940896
0.07587442549247361
0.09619772755531682
0.4110203503568232
0.006233023953028013
-0.21703865035308972
-0.04870973220544523
-0.19624564727773836
0.3906363888632312
0.22319392844313954
0.07651637931622156
0.03229950365170049
0.28440992698900364
-0.3637078842036636
0.03620287396651239
0.39767366337988186
0.1366418493788358
-0.4566914686673324
-0.41227451055748104
0.2741476868688145
0.08350113457408251
-0.16928815808888878
0.1745208099580404
0.29279304028531433
0.30400959104959524
0.08280984645871628
-0.4048437679186999
0.15361685972224362
-0.4971805185318052
-0.24869216018608986
0.339516554733628
-0.12856209058510987
0.13645800838462604
-0.0013084036468003853
0.04394141951256139
-0.15903995761625223
-0.43482621743938005
0.2819652508114085
-0.496980953442315
-0.4972444742658178
0.023196296522235992
-0.37976024668234687
-0.48288590163848194
0.24964199927292433
0.2421053464697912
-0.4079239987349801
-0.3887285609156181
-0.2885500783954052
0.03943545128731971
-0.34927969905909634
0.08787581866719506
0.2661918056687331
-0.014521755934469926
0.17311058157997689
0.1464428097722912
-0.02794842616674223
-0.14718482468745736
0.17444017990763014
0.20806315294319305
-0.30981829711807857
-0.0807156682295847
-0.10417595200218734
0.19064811080126126
0.24088486401782003
-0.44731585241298655
-0.1970647151724814
0.11271311289493961
-0.1341815640193543
0.24238106654716698
0.21743059032356563
0.21051994074693395
0.2560767694450073
-0.4950945063655293
0.30550843997770444
0.2755784483108734
-0.2513558845159619
-0.0814743737938354
-0.16115834061061257
0.2252492838678101
-0.28662601006969557
-0.24537045448477832
-0.3438331136506829
-0.47085476856673575
-0.40920018187744606
0.10586569770615302
-0.3146269470998205
-0.0906777436740402
-0.10630507960675117
-0.3431632008869957
-0.29467973244075407
-0.36413281838533323
-0.4852363584692202
-0.4951940462262149
-0.4318532439709525
0.12005442978061132
-0.49643466493304533
0.3495853018864636
0.2370926970885864
-0.17778928345265269
-0.3295389448146845
-0.09246710069148577
0.09096895548109586
-0.170080293993105
-0.04884729196921092
0.12565199936896884
-0.02034833054123306
0.13461292358382715
-0.22600837913992305
0.1881744087498669
-0.06958484793836671
-0.35169392725080245
-0.023381904982440128
-0.3530619275090568
0.024453920537686847
0.004624009036913506
0.2230025262141823
-0.018598604342361224
0.04791775886971135
0.1115171530040531
0.13899019765456416
-0.21697106505819652
0.031714559278637096
-0.4745040346606352
-0.360824045274576
0.004266293661799634
0.15549998282873
-0.12141267005614953
-0.07970319198211233
-0.1785340056300182
-0.03928028169243985
0.4782593072980577
0.08728447535658658
-0.09462390552487913
-0.34050006453728987
-0.459571207159847
0.17674413228266275
0.25734081462731184
0.27308315740438366
-0.4531135150419963
-0.02042137824840212
-0.2771102098286953
-0.12626032253774405
-0.018315973780586543
-0.18514161180602812
-0.10273565688439548
0.4738906655163041
-0.4229165995745048
0.48512771771083113
0.35158172395941395
-0.02452712878884534
-0.14229980401876974
0.27900867607273677
-0.14403440728611094
0.06954511119056903
0.48471041529055764
-0.2875180591196391
0.15385302035127904
0.04959690914561382
-0.42820702983851616
0.2384821651394664
0.30558811186755497
-0.33765810633600685
0.36504163457290884
-0.3128029486301885
0.09331041999085463
-0.037949532031396824
0.30048328250541667
-0.3154331509981297
-0.10321012717844157
-0.05576125216733094
0.45352028778020603
0.4098026308202101
-0.08369877933022055
-0.14143764284240068
0.3959587309923896
-0.009786863969137652
0.2554545128142419
-0.3083503932358287
-0.07757114484379081
-0.2880222395397363
0.3087539089458438
0.4739561873236707
-0.2331429551139002
0.3934295702644531
-0.48717318673999743
-0.37868995421747226
0.38670638350959136
0.34818977619683267
0.16634109428597874
-0.15821236032978303
0.27115925987464706
-0.14810954902992635
-0.41025137319049343
0.4482553384352046
0.08904002323873869
-0.22090826692498639
-0.13226778113110108
-0.07312828800500583
-0.3953677397283631
-0.10700856568082233
-0.37271835470206843
0.16316676697335772
-0.29954501715811266
0.22861820056806476
-0.4405915944092476
-0.22891115248042856
0.24157651146454293
-0.4697718083108241
0.32241060170965324
0.018847404338007606
-0.34486958835786563
0.13860107032016555
0.4092186960629961
-0.2657999755683154
-0.03059164584531747
0.06890705345612677
-0.4141656168571485
-0.23033194060131135
-0.23881896215323453
-0.054043831661875145
0.09171321668033537
-0.07915468798848048
0.3055675379873388
0.33258122170366455
-0.28601775085719033
-0.1951740550535305
-0.4184137032707739
0.0036766193323989143
-0.2797269976165897
0.11215267738049271
0.17799677916318557
-0.27542956298207033
-0.48703288603998984
0.3725779061837985
0.4717970442275837
0.20330355691213836
-0.4155174508592545
-0.42953344165853613
-0.08723167923764115
0.08493345583914876
-0.2343106862363729
0.1485886034862825
-0.3204647024930765
-0.013809666083182612
-0.1669232676854096
-0.11268162289512092
0.09788612161227313
0.3620160192657024
0.3530603466835585
0.014451788555159828
-0.3249031825124377
0.45236137460397374
0.23802504757102727
0.12636163195187225
-0.2999487249958728
0.40489646858852846
0.2501898755683256
-0.02131446991785409
0.45978528115843487
-0.41598263866006935
-0.4032479836849972
0.45436003151038373
0.08378326518821454
-0.45972571453942346
0.4537377588215834
-0.2986093572658338
-0.02770513886516602
-0.3594269128155848
-0.34517873187683723
0.13387586202799703
0.4285194342004256
-0.22405746897250522
-0.05142538892882821
-0.4153624584702867
0.3172330816472186
0.2541659180867441
0.0621745290888141
-0.26351112849677605
0.1913864134379665
-0.4922527762541748
0.3553318385898439
-0.48929976943334674
0.011645317686213612
0.12240657957669035
0.23671896259148154
0.21802447910664657
0.016921234178614294
0.33732321705451923
-0.242470090148429
0.44112902365925455
-0.08223562793674817
-0.3559269988697825
0.15600404877833463
-0.31335693237707657
0.039194792986299465
-0.49402557854940626
-0.34414191099054653
-0.35305203506342653
-0.4614766283821959
-0.31393734869206896
-0.10875452439113789
0.1503334095425556
-0.015475435148473514
0.3191235854379481
-0.19829049113953942
-0.19429164158440565
-0.17343627533538297
-0.03460315899185031
0.13448360968596523
-0.08040792950871711
-0.28541790632039765
-0.01579296130420666
0.019466720608454214
0.22998762215657703
0.38985820933760174
0.36188321900028037
-0.27680475118107795
-0.12166918570211
0.22962172345861032
-0.020322282603152837
0.364742341316339
-0.49366694453212273
-0.4887463113007175
-0.036592910205154254
-0.48384841656996436
-0.26437805276883214
0.218877974556225
0.055244425977014476
-0.36842389845844636
-0.1913703946885392
-0.12746159671624852
-0.2550497948049319
-0.30110902519452765
-0.41518130596478614
0.06978367371079762
-0.4850760215317139
-0.02836456628330816
0.2871639009981716
-0.38712152909992414
0.06525982595901118
-0.3657818075918751
0.3571462026260674
-0.4764094776626888
-0.48835634818196805
-0.47792924880084003
-0.4860313397152707
-0.2517508395935396
-0.2545531221538995
0.345856143336102
-0.07059457970899567
-0.4826119373140226
0.3246359010033786
0.28151134887098067
0.034033087072744495
0.34017361853745576
-0.2936547721562859
-0.05693751848281858
0.4095032617335732
-0.24444019126335398
-0.2164084659927121
-0.1732790256305365
0.22629365410539426
0.4142189256180166
0.12159074150383792
0.29894300381031685
0.10940665409134562
0.2123461054348295
-0.4758862556827221
0.14640909628347556
-0.045725722869221316
0.30691228638921325
0.1268715373220902
-0.49421865296093453
-0.010684186201806457
-0.28733552626165526
0.42581765209897
-0.021549567807696155
-0.15513606199165306
0.3853876884202372
0.27102425784617235
0.024032387432330736
0.08410323683445478
0.4340497153718652
0.05613185332964199
0.09072977851207845
-0.4921381635632299
-0.4746357059565551
-0.42110636953119995
0.24934857954350742
0.2666715309356321
0.06537918027065569
0.42635218377328127
-0.4868522999441503
0.3640379197601679
0.19759354412414848
-0.03702469343171724
-0.4374857823151439
-0.28968004196427727
-0.15717507995930982
-0.015915179004365097
-0.44265092084147734
-0.20448425299351966
-0.28773224440274076
0.18296990701676194
0.2976056023155807
0.40391280550538783
-0.22985304637381712
-0.44037990079316724
-0.12158519625345082
-0.46876203771487573
-0.22230733672766606
0.04253457956907847
0.02798122544378055
0.09439816290886101
-0.03329797002887293
-0.1585144211204737
0.4016509555857082
0.3749236618668741
0.04102522628108748
0.4112481633687919
0.13609634391914177
0.12224272787205144
0.1732578725983053
0.15226383069476102
-0.23343615605676712
0.3275065139669486
-0.07473437957221878
-0.394125624025352
0.49954658461861484
0.1196608369830263
-0.26141036981791377
0.24870316632609063
0.07038054869096656
0.08401322347551518
0.32685404348589847
-0.2723078778558312
0.15164349739248187
-0.2908545702496032
0.3845573531284229
0.17961983130056208
-0.21710606583438127
0.49611685347182655
-0.020888561364962248
0.18566217594447001
0.03563750374672987
-0.4094473882772102
-0.0055961927841638465
0.26438991951148577
0.3051596017823707
-0.2761460543823215
0.08169794249923788
0.24659597655745635
0.32368216516577014
-0.1276794541046707
0.026969373320502008
-0.1755243947588854
0.4211514366020733
-0.24680075170636745
-0.12339851853137047
0.47414503101746613
0.347548469895148
0.36100357759980917
0.4735015806312722
-0.028393301945680148
-0.0969207835936575
-0.2313194332656127
0.31457330507218756
0.40087030258055634
-0.24827327957073464
-0.02264872866451299
0.4740435634169022
0.49330119527061417
-0.11932778325505908
0.1439874219383829
0.010948820491311783
0.3179877220673049
-0.294037408128663
0.3343232216683257
-0.1248707919475891
0.22716045300792845
-0.258223984716787
0.4985075225980727
0.0991730130452337
-0.010259883264774406
0.3899050965180402
0.025943276000835288
-0.1152267645701846
0.43488385715644584
0.45554499793573544
0.1311919549191916
-0.2798799980001666
-0.12208099604704627
0.4966522630047867
0.18785977448434946
-0.3268733997509006
-0.20907548751716498
0.48966673594817484
0.2304788389747804
-0.04151504337123416
0.4168176828152076
-0.17860437440741136
0.38784285747810954
0.07610835629228109
0.03082042038978922
-0.09935161550829855
0.49954389418757444
-0.2230459533709489
-0.26939684678746256
-0.2544184196633493
0.2109429376636044
0.47333341851299127
0.0278900906421758
-0.10303162743746999
0.2958297617048373
-0.3641442189151878
0.023801996100243986
0.0019390489937746854
0.2412957425927993
-0.2163324340117623
0.44569626731209533
-0.27392656446368824
0.2823884703787717
0.4440159523231147
0.49071880743353796
-0.2211878378548737
0.25661989032815763
0.358971241116164
0.3882068399823434
-0.33694319158913677
0.49736688543808316
-0.36490230536242557
-0.21599684572339756
-0.21366822971695987
-0.39130534059845357
-0.31011654920035936
-0.3532578204906174
-0.11246369726099736
0.2718189135717274
0.08460892033971025
0.4352697793272018
0.12174015875162196
0.2943471588473118
-0.32062974297960906
0.3050052578355803
0.49709891781754406
0.4996208402581095
0.08618310508483197
0.4857920513365646
-0.0055849866570891115
0.3961547181340872
0.49033886849751546
-0.36600233100388435
0.16160679452343904
0.3529011683236528
-0.2604933794573039
0.02852086012173512
-0.35130953382831015
0.2598464702958584
0.17316610969095217
-0.0626425900086452
-0.1283180246797093
0.48364636551688417
-0.5
0.5
0.5
0.5
0.15977529807862131
0.5
0.36077132998567124
-0.10041474319566035
0.1591167225328844
-0.5
-0.2673379319860917
0.16035137854829423
0.2916882335038054
-0.42236070331048886
-0.3110986759994723
0.5
-0.13347788750159303
-0.43398807493390434
0.3184510888834407
0.00898527742584501
-0.5
0.2108680025080231
-0.16639093553257855
0.47511507700533734
-0.32372064234722253
0.490112673645949
-0.04237862279182734
0.08420974080987938
-0.06564547559411345
0.1195063328175365
-0.3062353478703756
-0.0322474017049161
0.49993082076520373
-0.2182535097806701
-0.1807572174618576
0.49992415007514374
0.11055748003727003
-0.030294197903842163
0.08579382758822247
-0.012663248625008703
-0.4093333573928199
-0.04911362965476722
0.009530531378655114
-0.4126575996373085
-0.2790103068719494
0.5
-0.21275720887281052
0.4770456361906174
0.3200687703932621
-0.5
-0.5
0.5
0.49534411964953984
0.08125891844353078
0.06038153214368497
0.5
0.5
0.3651760635995457
0.5
-0.5
-0.32061623392680844
-0.050105650666003775
0.5
0.2565375765883881
-0.39045456021351593
0.5
-0.06047842156794175
-0.3303117768601618
0.036965769565059904
-0.0840693710617887
-0.5
0.18431335163177773
0.44128189137546403
0.5
-0.27564267321662916
0.3916566070557
0.2045317733914829
0.10137886534326176
0.027827394128980838
-0.3705466236206165
4.2197125279794766E-4
0.19295198249394874
0.5
0.2542105440135396
-0.054619702166026685
0.5
0.19055360148812178
0.09358587587957809
0.5
-0.5
-0.5
0.14901298320548273
0.2802476191432333
0.5
0.3693856119960153
0.14164779761594992
0.330530206072673
-0.3330011973747194
0.13945062263142782
-0.05648017154445485
-0.20053498157560887
-0.24489262903057155
-0.17449649472957587
-0.21634241156926215
0.4796576244413524
-0.3492911901415095
-0.12365722831437581
-0.33206436855953364
0.11735827431499714
0.42220129439584025
0.2600404949253132
0.3616597651539274
0.5
-0.30924910951564927
-0.04943456407495569
0.5
0.1030289285015773
0.4348310574325342
-0.36634473879512014
-0.5
-0.5
-0.12842512157882272
0.4420192106319781
-0.09236369168920723
-0.010338822276197463
0.5
0.018651089102183816
0.06694166976490737
-0.42696254097347974
0.0853228634539993
-0.5
0.5
0.4786304369432526
0.3437895104787789
-0.15888799669940346
0.5
0.5
-0.04817653170065127
0.4475880560611442
-0.49798320201858226
0.20380856039250325
-0.013754287030718404
0.2211629996686356
-0.2438125328951256
-0.1310665545447881
0.4575351505735447
0.49789013601280385
-0.33485366591421883
0.150004949947738
-0.49624090159572054
0.018762532142205465
0.1357005181990042
-0.04369755440072074
0.2543816962619558
-0.4928567687555717
0.5
0.10760472774509981
-0.18271585586780215
-0.2461167333497781
-0.5
