4.41E-4
-4.06E-4
7.099999999999999E-5
1.45E-4
4.12E-4
9.95E-4
8.64E-4
-9.159999999999999E-4
-7.0E-5
-3.79E-4
8.59E-4
-3.7999999999999997E-4
-2.33E-4
-2.8399999999999996E-4
-8.359999999999999E-4
-1.17E-4
-7.3E-4
4.05E-4
3.67E-4
-4.55E-4
4.91E-4
-5.9E-5
4.4999999999999996E-5
-3.18E-4
-1.93E-4
2.13E-4
-5.05E-4
1.16E-4
2.72E-4
-7.98E-4
1.1499999999999999E-4
-1.8999999999999998E-5
4.98E-4
-6.529999999999999E-4
9.6E-5
2.97E-4
3.59E-4
9.87E-4
3.9099999999999996E-4
-7.76E-4
-7.779999999999999E-4
-2.0899999999999998E-4
-7.36E-4
-9.14E-4
-8.599999999999999E-5
-9.4E-5
7.019999999999999E-4
-7.5E-5
-9.18E-4
5.71E-4
-1.04E-4
5.09E-4
-8.16E-4
5.6E-5
-2.7E-5
-4.1299999999999996E-4
8.089999999999999E-4
-4.04E-4
9.149999999999999E-4
-5.29E-4
2.32E-4
-4.2899999999999997E-4
6.92E-4
-6.49E-4
6.63E-4
8.23E-4
-9.86E-4
-1.27E-4
3.47E-4
-8.37E-4
5.899999999999999E-4
1.98E-4
-5.58E-4
5.48E-4
5.12E-4
-1.8999999999999998E-4
-4.1999999999999996E-4
-5.84E-4
-5.31E-4
2.6399999999999997E-4
-3.81E-4
-4.66E-4
-3.1099999999999997E-4
5.149999999999999E-4
-5.03E-4
-7.5E-5
6.789999999999999E-4
-2.65E-4
-2.44E-4
8.65E-4
9.999999999999999E-5
-6.03E-4
-3.27E-4
-4.64E-4
1.3E-5
-4.35E-4
1.06E-4
4.4199999999999996E-4
-9.939999999999999E-4
9.4E-5
9.57E-4
4.39E-4
-8.88E-4
-5.989999999999999E-4
9.9E-5
6.18E-4
-5.62E-4
-4.44E-4
3.9999999999999996E-4
-4.05E-4
-5.43E-4
5.4999999999999995E-5
3.7799999999999997E-4
-6.73E-4
-9.499999999999999E-5
6.95E-4
9.77E-4
-9.41E-4
-4.39E-4
9.28E-4
2.98E-4
2.69E-4
2.67E-4
-9.09E-4
6.68E-4
6.8E-5
7.21E-4
4.1299999999999996E-4
-5.639999999999999E-4
-5.47E-4
6.65E-4
-9.1E-4
4.7999999999999996E-4
-6.94E-4
-2.5499999999999996E-4
7.0E-5
2.42E-4
-1.57E-4
-5.97E-4
2.35E-4
6.1E-5
-5.43E-4
2.85E-4
2.6E-4
-8.9E-5
-2.65E-4
7.109999999999999E-4
8.7E-5
-4.86E-4
-5.639999999999999E-4
1.1399999999999999E-4
9.77E-4
2.24E-4
-8.929999999999999E-4
6.1E-4
-2.04E-4
6.67E-4
9.559999999999999E-4
9.029999999999999E-4
-2.12E-4
4.3099999999999996E-4
-3.3299999999999996E-4
-6.18E-4
5.43E-4
-6.59E-4
-3.79E-4
-8.099999999999999E-5
4.98E-4
-5.96E-4
7.71E-4
-9.97E-4
3.12E-4
-9.22E-4
-5.279999999999999E-4
1.63E-4
4.53E-4
-2.44E-4
-7.8E-4
-9.6E-5
7.21E-4
8.7E-5
8.349999999999999E-4
3.7799999999999997E-4
-3.9099999999999996E-4
2.9E-5
6.479999999999999E-4
1.43E-4
-9.93E-4
-2.2899999999999998E-4
-3.4199999999999996E-4
-4.1299999999999996E-4
-4.3099999999999996E-4
-6.67E-4
8.33E-4
7.8E-5
-8.889999999999999E-4
4.23E-4
5.3E-4
-4.25E-4
1.66E-4
3.27E-4
8.37E-4
-2.1E-5
-9.91E-4
4.9E-4
-6.0E-4
-9.35E-4
-6.079999999999999E-4
-5.13E-4
2.8399999999999996E-4
-7.07E-4
2.4999999999999998E-5
-5.16E-4
7.97E-4
5.03E-4
-1.18E-4
2.27E-4
-1.0E-6
3.27E-4
-7.2E-5
-100.0
-100.0
-100.0
-100.0
-100.0
-100.0
-100.0
-100.0
-100.0
-100.0
-100.0
-100.0
-100.0
-100.0
-100.0
-100.0
-100.0
-100.0
-100.0
-100.0
-100.0
-100.0
-100.0
-100.0
-100.0
-100.0
-100.0
-100.0
-100.0
-100.0
-100.0
-100.0
-100.0
-100.0
-100.0
-100.0
-100.0
-100.0
-100.0
-100.0
-100.0
-100.0
-100.0
-100.0
-100.0
-100.0
-100.0
-100.0
-100.0
-100.0
-100.0
-100.0
-100.0
-100.0
-100.0
74.27533405074803
100.0
100.0
100.0
100.0
100.0
100.0
100.0
100.0
100.0
100.0
100.0
100.0
100.0
100.0
100.0
100.0
100.0
100.0
100.0
100.0
100.0
100.0
100.0
100.0
100.0
100.0
100.0
100.0
100.0
100.0
100.0
100.0
100.0
100.0
100.0
100.0
100.0
100.0
100.0
100.0
100.0
100.0
100.0
100.0
100.0
100.0
100.0
100.0
100.0
100.0
100.0
100.0
100.0
100.0
-100.0
-100.0
-100.0
-100.0
-100.0
-100.0
-100.0
-100.0
-100.0
-100.0
-100.0
-100.0
-100.0
-100.0
-100.0
-100.0
-100.0
-100.0
-100.0
-100.0
-100.0
-100.0
-100.0
-100.0
-100.0
-100.0
-100.0
-100.0
-100.0
-100.0
-100.0
-100.0
-100.0
-100.0
-100.0
-100.0
-100.0
-100.0
-100.0
-100.0
-100.0
-100.0
-100.0
-100.0
-100.0
-100.0
-100.0
-100.0
-100.0
-100.0
-100.0
-100.0
-100.0
-100.0
-100.0
-387.07200628388347
100.0
100.0
100.0
100.0
100.0
100.0
100.0
100.0
100.0
100.0
100.0
100.0
100.0
100.0
100.0
100.0
100.0
100.0
100.0
100.0
100.0
100.0
100.0
100.0
100.0
100.0
100.0
100.0
100.0
100.0
100.0
100.0
100.0
100.0
100.0
100.0
100.0
100.0
100.0
100.0
100.0
100.0
100.0
100.0
100.0
100.0
100.0
100.0
100.0
100.0
100.0
100.0
100.0
100.0
-100.0
-100.0
-100.0
-100.0
-100.0
-100.0
-100.0
-100.0
-100.0
-100.0
-100.0
-100.0
-100.0
-100.0
-100.0
-100.0
-100.0
-100.0
-100.0
-100.0
-100.0
-100.0
-100.0
-100.0
-100.0
-100.0
-100.0
-100.0
-100.0
-100.0
-100.0
-100.0
-100.0
-100.0
-100.0
-100.0
-100.0
-100.0
-100.0
-100.0
-100.0
-100.0
-100.0
-100.0
-100.0
-100.0
-100.0
-100.0
-100.0
-100.0
-100.0
-100.0
-100.0
-100.0
-100.0
75.50706178891946
100.0
100.0
100.0
100.0
100.0
100.0
100.0
100.0
100.0
100.0
100.0
100.0
100.0
100.0
100.0
100.0
100.0
100.0
100.0
100.0
100.0
100.0
100.0
100.0
100.0
100.0
100.0
100.0
100.0
100.0
100.0
100.0
100.0
100.0
100.0
100.0
100.0
100.0
100.0
100.0
100.0
100.0
100.0
100.0
100.0
100.0
100.0
100.0
100.0
100.0
100.0
100.0
100.0
100.0
-100.0
-100.0
-100.0
-100.0
-100.0
-100.0
-100.0
-100.0
-100.0
-100.0
-100.0
-100.0
-100.0
-100.0
-100.0
-100.0
-100.0
-100.0
-100.0
-100.0
-100.0
-100.0
-100.0
-100.0
-100.0
-100.0
-100.0
-100.0
-100.0
-100.0
-100.0
-100.0
-100.0
-100.0
-100.0
-100.0
-100.0
-100.0
-100.0
-100.0
-100.0
-100.0
-100.0
-100.0
-100.0
-100.0
-100.0
-100.0
-100.0
-100.0
-100.0
-100.0
-100.0
-100.0
-100.0
42.33392333056311
100.0
100.0
100.0
100.0
100.0
100.0
100.0
100.0
100.0
100.0
100.0
100.0
100.0
100.0
100.0
100.0
100.0
100.0
100.0
100.0
100.0
100.0
100.0
100.0
100.0
100.0
100.0
100.0
100.0
100.0
100.0
100.0
100.0
100.0
100.0
100.0
100.0
100.0
100.0
100.0
100.0
100.0
100.0
100.0
100.0
100.0
100.0
100.0
100.0
100.0
100.0
100.0
100.0
100.0
-100.0
-100.0
-100.0
-100.0
-100.0
-100.0
-100.0
-100.0
-100.0
-100.0
-100.0
-100.0
-100.0
-100.0
-100.0
-100.0
-100.0
-100.0
-100.0
-100.0
-100.0
-100.0
-100.0
-100.0
-100.0
-100.0
-100.0
-100.0
-100.0
-100.0
-100.0
-100.0
-100.0
-100.0
-100.0
-100.0
-100.0
-100.0
-100.0
-100.0
-100.0
-100.0
-100.0
-100.0
-100.0
-100.0
-100.0
-100.0
-100.0
-100.0
-100.0
-100.0
-100.0
-100.0
-100.0
-1.7198051179732816
100.0
100.0
100.0
100.0
100.0
100.0
100.0
100.0
100.0
100.0
100.0
100.0
100.0
100.0
100.0
100.0
100.0
100.0
100.0
100.0
100.0
100.0
100.0
100.0
100.0
100.0
100.0
100.0
100.0
100.0
100.0
100.0
100.0
100.0
100.0
100.0
100.0
100.0
100.0
100.0
100.0
100.0
100.0
100.0
100.0
100.0
100.0
100.0
100.0
100.0
100.0
100.0
100.0
100.0
-100.0
-100.0
-100.0
-100.0
-100.0
-100.0
-100.0
-100.0
-100.0
-100.0
-100.0
-100.0
-100.0
-100.0
-100.0
-100.0
-100.0
-100.0
-100.0
-100.0
-100.0
-100.0
-100.0
-100.0
-100.0
-100.0
-100.0
-100.0
-100.0
-100.0
-100.0
-100.0
-100.0
-100.0
-100.0
-100.0
-100.0
-100.0
-100.0
-100.0
-100.0
-100.0
-100.0
-100.0
-100.0
-100.0
-100.0
-100.0
-100.0
-100.0
-100.0
-100.0
-100.0
-100.0
-100.0
48.84587967325493
100.0
100.0
100.0
100.0
100.0
100.0
100.0
100.0
100.0
100.0
100.0
100.0
100.0
100.0
100.0
100.0
100.0
100.0
100.0
100.0
100.0
100.0
100.0
100.0
100.0
100.0
100.0
100.0
100.0
100.0
100.0
100.0
100.0
100.0
100.0
100.0
100.0
100.0
100.0
100.0
100.0
100.0
100.0
100.0
100.0
100.0
100.0
100.0
100.0
100.0
100.0
100.0
100.0
100.0
-100.0
-100.0
-100.0
-100.0
-100.0
-100.0
-100.0
-100.0
-100.0
-100.0
-100.0
-100.0
-100.0
-100.0
-100.0
-100.0
-100.0
-100.0
-100.0
-100.0
-100.0
-100.0
-100.0
-100.0
-100.0
-100.0
-100.0
-100.0
-100.0
-100.0
-100.0
-100.0
-100.0
-100.0
-100.0
-100.0
-100.0
-100.0
-100.0
-100.0
-100.0
-100.0
-100.0
-100.0
-100.0
-100.0
-100.0
-100.0
-100.0
-100.0
-100.0
-100.0
-100.0
-100.0
-100.0
48.84587967325493
100.0
100.0
100.0
100.0
100.0
100.0
100.0
100.0
100.0
100.0
100.0
100.0
100.0
100.0
100.0
100.0
100.0
100.0
100.0
100.0
100.0
100.0
100.0
100.0
100.0
100.0
100.0
100.0
100.0
100.0
100.0
100.0
100.0
100.0
100.0
100.0
100.0
100.0
100.0
100.0
100.0
100.0
100.0
100.0
100.0
100.0
100.0
100.0
100.0
100.0
100.0
100.0
100.0
100.0
-100.0
-100.0
-100.0
-100.0
-100.0
-100.0
-100.0
-100.0
-100.0
-100.0
-100.0
-100.0
-100.0
-100.0
-100.0
-100.0
-100.0
-100.0
-100.0
-100.0
-100.0
-100.0
-100.0
-100.0
-100.0
-100.0
-100.0
-100.0
-100.0
-100.0
-100.0
-100.0
-100.0
-100.0
-100.0
-100.0
-100.0
-100.0
-100.0
-100.0
-100.0
-100.0
-100.0
-100.0
-100.0
-100.0
-100.0
-100.0
-100.0
-100.0
-100.0
-100.0
-100.0
-100.0
-100.0
-85.22787748116224
100.0
100.0
100.0
100.0
100.0
100.0
100.0
100.0
100.0
100.0
100.0
100.0
100.0
100.0
100.0
100.0
100.0
100.0
100.0
100.0
100.0
100.0
100.0
100.0
100.0
100.0
100.0
100.0
100.0
100.0
100.0
100.0
100.0
100.0
100.0
100.0
100.0
100.0
100.0
100.0
100.0
100.0
100.0
100.0
100.0
100.0
100.0
100.0
100.0
100.0
100.0
100.0
100.0
100.0
-100.0
-100.0
-100.0
-100.0
-100.0
-100.0
-100.0
-100.0
-100.0
-100.0
-100.0
-100.0
-100.0
-100.0
-100.0
-100.0
-100.0
-100.0
-100.0
-100.0
-100.0
-100.0
-100.0
-100.0
-100.0
-100.0
-100.0
-100.0
-100.0
-100.0
-100.0
-100.0
-100.0
-100.0
-100.0
-100.0
-100.0
-100.0
-100.0
-100.0
-100.0
-100.0
-100.0
-100.0
-100.0
-100.0
-100.0
-100.0
-100.0
-100.0
-100.0
-100.0
-100.0
-100.0
-100.0
-6.433438842341429
100.0
100.0
100.0
100.0
100.0
100.0
100.0
100.0
100.0
100.0
100.0
100.0
100.0
100.0
100.0
100.0
100.0
100.0
100.0
100.0
100.0
100.0
100.0
100.0
100.0
100.0
100.0
100.0
100.0
100.0
100.0
100.0
100.0
100.0
100.0
100.0
100.0
100.0
100.0
100.0
100.0
100.0
100.0
100.0
100.0
100.0
100.0
100.0
100.0
100.0
100.0
100.0
100.0
100.0
-100.0
-100.0
-100.0
-100.0
-100.0
-100.0
-100.0
-100.0
-100.0
-100.0
-100.0
-100.0
-100.0
-100.0
-100.0
-100.0
-100.0
-100.0
-100.0
-100.0
-100.0
-100.0
-100.0
-100.0
-100.0
-100.0
-100.0
-100.0
-100.0
-100.0
-100.0
-100.0
-100.0
-100.0
-100.0
-100.0
-100.0
-100.0
-100.0
-100.0
-100.0
-100.0
-100.0
-100.0
-100.0
-100.0
-100.0
-100.0
-100.0
-100.0
-100.0
-100.0
-100.0
-100.0
-100.0
-38.44796233577437
100.0
100.0
100.0
100.0
100.0
100.0
100.0
100.0
100.0
100.0
100.0
100.0
100.0
100.0
100.0
100.0
100.0
100.0
100.0
100.0
100.0
100.0
100.0
100.0
100.0
100.0
100.0
100.0
100.0
100.0
100.0
100.0
100.0
100.0
100.0
100.0
100.0
100.0
100.0
100.0
100.0
100.0
100.0
100.0
100.0
100.0
100.0
100.0
100.0
100.0
100.0
100.0
100.0
100.0
-100.0
-100.0
-100.0
-100.0
-100.0
-100.0
-100.0
-100.0
-100.0
-100.0
-100.0
-100.0
-100.0
-100.0
-100.0
-100.0
-100.0
-100.0
-100.0
-100.0
-100.0
-100.0
-100.0
-100.0
-100.0
-100.0
-100.0
-100.0
-100.0
-100.0
-100.0
-100.0
-100.0
-100.0
-100.0
-100.0
-100.0
-100.0
-100.0
-100.0
-100.0
-100.0
-100.0
-100.0
-100.0
-100.0
-100.0
-100.0
-100.0
-100.0
-100.0
-100.0
-100.0
-100.0
-100.0
-7.506089237563032
100.0
100.0
100.0
100.0
100.0
100.0
100.0
100.0
100.0
100.0
100.0
100.0
100.0
100.0
100.0
100.0
100.0
100.0
100.0
100.0
100.0
100.0
100.0
100.0
100.0
100.0
100.0
100.0
100.0
100.0
100.0
100.0
100.0
100.0
100.0
100.0
100.0
100.0
100.0
100.0
100.0
100.0
100.0
100.0
100.0
100.0
100.0
100.0
100.0
100.0
100.0
100.0
100.0
100.0
-100.0
-100.0
-100.0
-100.0
-100.0
-100.0
-100.0
-100.0
-100.0
-100.0
-100.0
-100.0
-100.0
-100.0
-100.0
-100.0
-100.0
-100.0
-100.0
-100.0
-100.0
-100.0
-100.0
-100.0
-100.0
-100.0
-100.0
-100.0
-100.0
-100.0
-100.0
-100.0
-100.0
-100.0
-100.0
-100.0
-100.0
-100.0
-100.0
-100.0
-100.0
-100.0
-100.0
-100.0
-100.0
-100.0
-100.0
-100.0
-100.0
-100.0
-100.0
-100.0
-100.0
-100.0
-100.0
-1.7085801884078973
100.0
100.0
100.0
100.0
100.0
100.0
100.0
100.0
100.0
100.0
100.0
100.0
100.0
100.0
100.0
100.0
100.0
100.0
100.0
100.0
100.0
100.0
100.0
100.0
100.0
100.0
100.0
100.0
100.0
100.0
100.0
100.0
100.0
100.0
100.0
100.0
100.0
100.0
100.0
100.0
100.0
100.0
100.0
100.0
100.0
100.0
100.0
100.0
100.0
100.0
100.0
100.0
100.0
100.0
-100.0
-100.0
-100.0
-100.0
-100.0
-100.0
-100.0
-100.0
-100.0
-100.0
-100.0
-100.0
-100.0
-100.0
-100.0
-100.0
-100.0
-100.0
-100.0
-100.0
-100.0
-100.0
-100.0
-100.0
-100.0
-100.0
-100.0
-100.0
-100.0
-100.0
-100.0
-100.0
-100.0
-100.0
-100.0
-100.0
-100.0
-100.0
-100.0
-100.0
-100.0
-100.0
-100.0
-100.0
-100.0
-100.0
-100.0
-100.0
-100.0
-100.0
-100.0
-100.0
-100.0
-100.0
-100.0
169.6275784271094
100.0
100.0
100.0
100.0
100.0
100.0
100.0
100.0
100.0
100.0
100.0
100.0
100.0
100.0
100.0
100.0
100.0
100.0
100.0
100.0
100.0
100.0
100.0
100.0
100.0
100.0
100.0
100.0
100.0
100.0
100.0
100.0
100.0
100.0
100.0
100.0
100.0
100.0
100.0
100.0
100.0
100.0
100.0
100.0
100.0
100.0
100.0
100.0
100.0
100.0
100.0
100.0
100.0
100.0
-100.0
-100.0
-100.0
-100.0
-100.0
-100.0
-100.0
-100.0
-100.0
-100.0
-100.0
-100.0
-100.0
-100.0
-100.0
-100.0
-100.0
-100.0
-100.0
-100.0
-100.0
-100.0
-100.0
-100.0
-100.0
-100.0
-100.0
-100.0
-100.0
-100.0
-100.0
-100.0
-100.0
-100.0
-100.0
-100.0
-100.0
-100.0
-100.0
-100.0
-100.0
-100.0
-100.0
-100.0
-100.0
-100.0
-100.0
-100.0
-100.0
-100.0
-100.0
-100.0
-100.0
-100.0
-100.0
-11.544012903261205
100.0
100.0
100.0
100.0
100.0
100.0
100.0
100.0
100.0
100.0
100.0
100.0
100.0
100.0
100.0
100.0
100.0
100.0
100.0
100.0
100.0
100.0
100.0
100.0
100.0
100.0
100.0
100.0
100.0
100.0
100.0
100.0
100.0
100.0
100.0
100.0
100.0
100.0
100.0
100.0
100.0
100.0
100.0
100.0
100.0
100.0
100.0
100.0
100.0
100.0
100.0
100.0
100.0
100.0
-100.0
-100.0
-100.0
-100.0
-100.0
-100.0
-100.0
-100.0
-100.0
-100.0
-100.0
-100.0
-100.0
-100.0
-100.0
-100.0
-100.0
-100.0
-100.0
-100.0
-100.0
-100.0
-100.0
-100.0
-100.0
-100.0
-100.0
-100.0
-100.0
-100.0
-100.0
-100.0
-100.0
-100.0
-100.0
-100.0
-100.0
-100.0
-100.0
-100.0
-100.0
-100.0
-100.0
-100.0
-100.0
-100.0
-100.0
-100.0
-100.0
-100.0
-100.0
-100.0
-100.0
-100.0
-100.0
80.47251413843851
100.0
100.0
100.0
100.0
100.0
100.0
100.0
100.0
100.0
100.0
100.0
100.0
100.0
100.0
100.0
100.0
100.0
100.0
100.0
100.0
100.0
100.0
100.0
100.0
100.0
100.0
100.0
100.0
100.0
100.0
100.0
100.0
100.0
100.0
100.0
100.0
100.0
100.0
100.0
100.0
100.0
100.0
100.0
100.0
100.0
100.0
100.0
100.0
100.0
100.0
100.0
100.0
100.0
100.0
-100.0
-100.0
-100.0
-100.0
-100.0
-100.0
-100.0
-100.0
-100.0
-100.0
-100.0
-100.0
-100.0
-100.0
-100.0
-100.0
-100.0
-100.0
-100.0
-100.0
-100.0
-100.0
-100.0
-100.0
-100.0
-100.0
-100.0
-100.0
-100.0
-100.0
-100.0
-100.0
-100.0
-100.0
-100.0
-100.0
-100.0
-100.0
-100.0
-100.0
-100.0
-100.0
-100.0
-100.0
-100.0
-100.0
-100.0
-100.0
-100.0
-100.0
-100.0
-100.0
-100.0
-100.0
-100.0
17.390385144362522
100.0
100.0
100.0
100.0
100.0
100.0
100.0
100.0
100.0
100.0
100.0
100.0
100.0
100.0
100.0
100.0
100.0
100.0
100.0
100.0
100.0
100.0
100.0
100.0
100.0
100.0
100.0
100.0
100.0
100.0
100.0
100.0
100.0
100.0
100.0
100.0
100.0
100.0
100.0
100.0
100.0
100.0
100.0
100.0
100.0
100.0
100.0
100.0
100.0
100.0
100.0
100.0
100.0
100.0
-100.0
-100.0
-100.0
-100.0
-100.0
-100.0
-100.0
-100.0
-100.0
-100.0
-100.0
-100.0
-100.0
-100.0
-100.0
-100.0
-100.0
-100.0
-100.0
-100.0
-100.0
-100.0
-100.0
-100.0
-100.0
-100.0
-100.0
-100.0
-100.0
-100.0
-100.0
-100.0
-100.0
-100.0
-100.0
-100.0
-100.0
-100.0
-100.0
-100.0
-100.0
-100.0
-100.0
-100.0
-100.0
-100.0
-100.0
-100.0
-100.0
-100.0
-100.0
-100.0
-100.0
-100.0
-100.0
58.563302271926176
100.0
100.0
100.0
100.0
100.0
100.0
100.0
100.0
100.0
100.0
100.0
100.0
100.0
100.0
100.0
100.0
100.0
100.0
100.0
100.0
100.0
100.0
100.0
100.0
100.0
100.0
100.0
100.0
100.0
100.0
100.0
100.0
100.0
100.0
100.0
100.0
100.0
100.0
100.0
100.0
100.0
100.0
100.0
100.0
100.0
100.0
100.0
100.0
100.0
100.0
100.0
100.0
100.0
100.0
-100.0
-100.0
-100.0
-100.0
-100.0
-100.0
-100.0
-100.0
-100.0
-100.0
-100.0
-100.0
-100.0
-100.0
-100.0
-100.0
-100.0
-100.0
-100.0
-100.0
-100.0
-100.0
-100.0
-100.0
-100.0
-100.0
-100.0
-100.0
-100.0
-100.0
-100.0
-100.0
-100.0
-100.0
-100.0
-100.0
-100.0
-100.0
-100.0
-100.0
-100.0
-100.0
-100.0
-100.0
-100.0
-100.0
-100.0
-100.0
-100.0
-100.0
-100.0
-100.0
-100.0
-100.0
-100.0
137.4302792115136
100.0
100.0
100.0
100.0
100.0
100.0
100.0
100.0
100.0
100.0
100.0
100.0
100.0
100.0
100.0
100.0
100.0
100.0
100.0
100.0
100.0
100.0
100.0
100.0
100.0
100.0
100.0
100.0
100.0
100.0
100.0
100.0
100.0
100.0
100.0
100.0
100.0
100.0
100.0
100.0
100.0
100.0
100.0
100.0
100.0
100.0
100.0
100.0
100.0
100.0
100.0
100.0
100.0
100.0
-100.0
-100.0
-100.0
-100.0
-100.0
-100.0
-100.0
-100.0
-100.0
-100.0
-100.0
-100.0
-100.0
-100.0
-100.0
-100.0
-100.0
-100.0
-100.0
-100.0
-100.0
-100.0
-100.0
-100.0
-100.0
-100.0
-100.0
-100.0
-100.0
-100.0
-100.0
-100.0
-100.0
-100.0
-100.0
-100.0
-100.0
-100.0
-100.0
-100.0
-100.0
-100.0
-100.0
-100.0
-100.0
-100.0
-100.0
-100.0
-100.0
-100.0
-100.0
-100.0
-100.0
-100.0
-100.0
-0.7597670794461617
100.0
100.0
100.0
100.0
100.0
100.0
100.0
100.0
100.0
100.0
100.0
100.0
100.0
100.0
100.0
100.0
100.0
100.0
100.0
100.0
100.0
100.0
100.0
100.0
100.0
100.0
100.0
100.0
100.0
100.0
100.0
100.0
100.0
100.0
100.0
100.0
100.0
100.0
100.0
100.0
100.0
100.0
100.0
100.0
100.0
100.0
100.0
100.0
100.0
100.0
100.0
100.0
100.0
100.0
-100.0
-100.0
-100.0
-100.0
-100.0
-100.0
-100.0
-100.0
-100.0
-100.0
-100.0
-100.0
-100.0
-100.0
-100.0
-100.0
-100.0
-100.0
-100.0
-100.0
-100.0
-100.0
-100.0
-100.0
-100.0
-100.0
-100.0
-100.0
-100.0
-100.0
-100.0
-100.0
-100.0
-100.0
-100.0
-100.0
-100.0
-100.0
-100.0
-100.0
-100.0
-100.0
-100.0
-100.0
-100.0
-100.0
-100.0
-100.0
-100.0
-100.0
-100.0
-100.0
-100.0
-100.0
-100.0
16.741603095155163
100.0
100.0
100.0
100.0
100.0
100.0
100.0
100.0
100.0
100.0
100.0
100.0
100.0
100.0
100.0
100.0
100.0
100.0
100.0
100.0
100.0
100.0
100.0
100.0
100.0
100.0
100.0
100.0
100.0
100.0
100.0
100.0
100.0
100.0
100.0
100.0
100.0
100.0
100.0
100.0
100.0
100.0
100.0
100.0
100.0
100.0
100.0
100.0
100.0
100.0
100.0
100.0
100.0
100.0
0.30463832217230424
0.681304116475063
0.4113297051708811
0.7171172946493164
0.2983222815424037
0.010619321558685946
0.18571821129417454
0.12456891881437493
0.26767575544913236
0.09520151164996415
0.22563026084795113
0.7739148295624644
0.599629824236647
0.2626771662375479
0.8993000152201628
0.180067389805604
0.817325447619999
0.3534565002145831
0.07897879761725435
0.2960433253277155
0.39633566588785474
0.8907690717087728
0.7237079681817135
0.5401910554262846
0.7629530284778486
0.45395148747010705
0.1282418367237348
0.11341605489064654
0.13729216585447568
0.48438741014759756
0.1908124411951746
0.5296525009818441
0.677903225454381
0.6177585206270634
0.29949801112581387
0.7252125505246757
0.334786952706449
0.9067727667732782
0.3402772471744262
0.4612767863389081
0.9241476611736629
0.9752937036657582
0.8894223744353462
0.9886728594943878
0.20091550134570146
0.2278030279182507
0.868703658859741
0.10522172028582488
0.12401500589025594
0.7273860696137882
0.8139483373261864
0.8033139241313295
0.08455183206695582
0.2509373873978623
0.43581819426574586
0.6790109031940453
0.5985351316134819
0.33204230977610294
0.33623873013270256
0.15384968795475684
0.8534486076940893
0.8099970302066696
0.5847348953720785
0.34666115637664696
0.5419278902646208
0.517688584364458
0.35599722586395877
0.12509617556723263
0.6159979086525729
0.26156333242059315
0.9833235745636904
0.46518543872493423
0.951768676758725
0.17367052348909318
0.5921513168811006
0.752142544460528
0.4271838503545238
0.8487751649675709
0.943715432547226
0.06675236983050303
0.5843610044770723
0.41879287392747433
0.24093822102469342
0.8190694235169539
0.8732584047132845
0.8623061177942583
0.42697685914875627
0.3147839444614412
0.4548482614725219
0.39867999749048133
0.9414246645703912
0.9694961696409231
0.6796715678123199
0.7743033438501251
0.9899832454023892
0.9222722372250858
0.6515951952487619
0.6127381474096577
0.13049214876768267
0.7422376196983922
0.7367871386878007
0.7710690405821764
0.3815234767740049
0.7705969281551704
0.48437083997029584
0.8215014661733844
0.11931887830808996
0.3953522597716278
0.18791551201998247
0.36026585857971083
0.8859416007545409
0.1962513063307736
0.19001944786890956
0.5549801714942771
0.21204875334264806
0.811133187051587
0.7933015382683333
0.3376214259386493
0.07938623059951255
0.9882828938315014
0.6653675037282347
0.9190318573283008
0.9568017212762709
0.5416552878362809
0.5040755147176061
0.5502181650632105
0.8079035584372944
0.30478472496105724
0.84096045026788
0.9317061865052786
0.18771531319271995
0.652698439270149
0.3780488779799792
0.763094091502539
0.23973333108711004
0.5978857578694854
0.18303918004932418
0.8354877483992562
0.4734227964319567
0.7546649489542062
0.16438598565220142
0.06907010794767454
0.32425790654952635
0.7836724229936806
0.07302359780337286
0.04356485055212622
0.2767320703171179
0.15183259252847126
0.25890834790488926
0.12111193220314287
0.7653347731688079
0.173048028231094
0.5482552057934239
0.2190808781409631
0.1593116072274957
0.33098385803234853
0.9012888317046558
0.6546049821896993
0.8840942022010655
0.8277022480171857
0.9605255461615773
0.25312810469146607
0.13560778261179862
0.15053578022140124
0.2060468678827242
0.09001260241638798
0.7032335846635942
0.20447172424439664
0.19692133680857604
0.8172657205140846
0.13302410359845196
0.21845154365254726
0.2968764829402952
0.5166989830286219
0.8348396047347433
0.20137294479615542
0.35751787124075063
0.41634289539037594
0.7653940118755627
0.19721494766802938
0.06383787852029765
0.6086977388340914
0.003769450402424379
0.9685886437005307
0.03445176480411194
0.11740812789610844
0.8767783292908548
0.024149381476770593
0.3129441494677945
0.2732075813695929
0.28862241479627426
0.09768940276710436
0.586904386770766
0.38048661431007424
0.5626188355796841
0.28536187347224473
0.3276742135859596
0.0825962823785844
0.4123329771428741
0.05237093130187609
0.05652711285186074
0.6670061518876448
0.6252787411976338
0.2315943174708872
0.11194325343725509
0.7906942351026912
0.6644168434389078
0.9539890837433846
0.6178398493609474
0.7516535702183543
0.6710020289535383
0.17426235805379053
0.8340619891658847
0.4841587298005774
0.2869009687264368
0.08517323337588678
0.708133807139773
0.913442317205254
0.30532201763750433
0.24996365771609974
41.02339681496139
40.851379654605
81.03767290705434
40.624840575184734
40.266876770123154
40.97996850476278
80.67666338473224
81.32804056011427
53.29702315885945
54.06099584345875
107.18522698800844
53.2615337450963
53.75143611542036
53.23274967905626
107.06225947138513
107.26701110611508
28.278361884417798
28.22952436185337
54.819707237256466
27.342443637062487
27.47364567891656
27.954995175552366
54.69428916719395
54.85012540516404
41.65715781811859
41.23705322969607
82.90237891749314
41.240041159213504
41.71999190900132
41.702675873013135
82.49619756172055
82.07310596659113
35.934891726377955
35.94287651163166
71.54845876105942
36.177327072827175
36.391968011057635
35.72769547295404
71.62224963311927
71.75378394299112
46.68625100296509
47.06599112499879
93.4460780339944
47.05335139725763
47.076535181038054
46.81801257161195
93.27776910860848
93.59087088888761
32.684522398855464
32.48859802977442
64.86167152396023
32.02474499143872
32.959021337468954
32.30490762135091
64.26056872017602
64.33894162182067
39.20646589738382
39.32941589614686
77.40587866544891
39.002571445786955
38.51901672483222
39.20920329624132
77.02265804098785
77.42996423582028
50.95342761202353
51.25481677222531
101.72644246822547
51.34500874088775
51.07102425261239
50.619447041125056
102.04371513656076
101.36411311249934
27.359785931597802
26.83012617970442
53.71326199849063
27.360703258177175
27.545958543357575
27.729399098114797
53.726477051888644
53.611270858529004
-9.264558569471195
-74.22578359889738
-30.871967393210348
-31.840751345925344
-15.075910073832816
-87.24478721979925
-5.351283318891409
-7.41433609736193
-90.02160968177624
-29.75295165850609
101.15638342643076
175.1463432436984
85.94853247872717
118.66789744706635
94.04634319289295
168.8313461219414
79.87207657150991
95.74207127034293
181.01726184369704
83.08734761646203
-12.152749847126946
-81.21341075358772
-35.319824236421105
-35.93588398952307
-18.17117236318713
-94.15595932948747
-8.501034589270258
-11.208125209923223
-99.37618301383196
-34.17978720715719
7.893818639204406
8.498196664669615
15.758597822079865
8.265297077638394
7.726081881922937
8.53692202290875
15.985035330610412
16.224082563859284
2.0508085436206116
2.687753232767588
3.902221908138256
1.7194516361683938
2.6845784805658717
1.9773178775893316
4.223748737808718
3.4581138192220306
8.737823012284348
9.276274899435924
18.079804843456262
9.2077263485129
9.002283117680456
9.238797712438577
17.878487980398624
17.95749135071575
6.45452899457958
5.729891691606491
11.753626836638558
5.944985773902948
6.338371862267309
6.238776893544191
11.821497916412875
11.71272229024204
7.554028582248525
8.111909860831258
15.283061217936837
8.085679215691785
7.787810089200306
7.465440353416635
15.448087832347523
15.34719876217275
6.229366481393191
6.6204745214273535
12.555757101792373
6.55125235618007
6.428803353611257
6.430108455775649
11.992292935767212
12.345708654327918
11.0598224575404
11.151349255253445
21.593067473857545
10.778183865931851
11.533549254988323
11.013860611951824
22.076546708360077
21.318227094894596
2.7726275911577085
2.572701481854927
4.733968992171117
2.8860355115786747
2.722928429883638
3.0203052557883106
4.724610753706364
5.059484597601525
3.122201162203837
2.645240478219797
5.244635452806052
3.0113628484506725
2.592231925810095
2.4928432270599252
5.309924032337555
5.407724436881684
9.801266539341121
9.53331654903561
17.97535135157787
9.565594694382542
9.3472832593116
9.367032663831361
17.686057470501826
17.680584805907852
-2.7448837934646413
-1.9461561835632495
-3.0475348961165243
-2.7712962528347544
-3.0560409579524093
-2.3062548956418047
-2.1806126916819766
-2.1056261521995117
-3.3182975101468046
-1.9400581323456556
72.61995066513431
66.11144463592713
80.26680538148756
70.05149692691381
97.44965867485641
79.72622508596577
60.439523401551504
75.76085900597703
100.18662562217662
56.300103237286876
0.3064592114416413
0.859088786586252
0.9643545066488163
0.6817057880252931
0.7308383873922559
0.19190068943205948
0.27349941480785694
0.7497921993258554
0.7287870758764122
0.7738013851982759
3.3144935024949156
2.767498225211443
5.1709840119061345
3.569217300778288
2.8842997838368287
2.9010302982548613
5.2048746034196585
5.59917624668702
6.412286265860673
6.834120062717953
12.41254049100736
6.317675308161045
7.145012850314418
6.949052327466236
12.500762476799244
12.525421588119166
3.102646901024804
2.625733488731453
5.743124872729078
2.509826619810453
3.2262469618442267
3.287268044078598
5.88140740563597
5.41477408163448
9.040695809448762
8.893992280238187
17.00830563594919
8.273825513004137
8.956235354252229
8.372443217496711
17.050280018109337
16.63477606913039
7.914627902899457
7.619125172463749
14.857156400476075
7.714464473816113
7.239363674674703
7.692643917856138
14.777320837153686
14.14671786336497
4.459458826603271
4.788216154544316
8.326781316801565
4.638430381845532
4.007813105934083
4.040298315752683
8.076147461273823
8.051260708863035
1.0706710246752074
1.144966567978884
1.2274083603083952
0.7090499141960582
1.0016185544907377
0.7508807512242732
0.566595512331489
0.5269131657602548
2.8501410161189176
2.774570322607196
5.035783665837732
2.7066563113963342
2.834524032088232
2.39584993993558
4.355325906925637
5.0253433078985
0.23328084209358224
-0.2961143859045472
-0.6122998202393793
-0.11273996664182895
0.11956771681358824
-0.2649761767584028
-0.8496674500631587
-1.0293893911716265
7.1609111237468825
7.511669902829221
13.639665050649123
7.24679086341534
7.24291416453671
7.548158717961912
13.704353830112993
13.588571773367576
-15.989142765036553
-13.597854666285297
-30.148184081726235
-22.788543774561674
-24.852191262791358
-28.554914299886274
-26.48708725515353
-26.674562664898136
-34.45654083344614
-23.581692753315885
46.102329800347476
40.1288312833321
87.40620368338533
68.36777801984017
73.78790512393613
82.82026356119195
75.83033101826373
79.11828004130771
100.09837412139102
69.65709384998159
0.9555879604314308
0.5870119120097174
0.3428591604739995
0.6552508051929054
0.7634970683766598
0.74631614915251
0.2917861315753662
0.9643665601714716
0.24730066175578175
0.5641554821003724
0.8001416339170724
0.8453843973928195
0.9367408026773707
0.2356205232740336
0.2918283182461645
0.8697383461277457
0.9043920900751257
0.1825816992254854
-0.8088312745734453
-0.342578437089907
-1.5367315995278257
-0.41311695526980785
-0.8788465525065983
-0.657640820493784
-1.8670041724942754
-1.2561380117371157
0.5406208233279584
0.7609531170031616
0.19778869015312917
0.8879629312630851
0.6996340524315658
0.8951835644377213
0.5084957174932346
0.7476668083371018
-0.004967071105547394
-0.25902155743146316
-0.5138633271755335
-0.6104208460494737
-0.04606398135457146
-0.4787233244312179
-1.393452851486125
-0.48304522268588657
0.3977689672190566
0.5583238995964197
-0.5454712340671174
-0.13093375910983557
-0.18200346289146258
-0.08134627774408504
-0.10396439473694297
-0.2321738832195105
-0.28458659445638623
0.23519743216947397
-0.7950378813696772
0.23263113012265646
-0.4007343375006117
-0.12430581010959008
-0.9396388597252596
-0.46396072631109353
0.3615261102187376
-0.28406170316699875
-0.09779684973072456
0.31331296738383163
0.595826638785786
-0.049108321620829676
-0.27992255123543364
0.11865171597860846
0.6200502770126518
0.1365020809335832
-0.05008597895046357
0.9106859809613366
0.7916849180649305
0.30547991057267776
0.3794346003050805
0.38458405869027573
-0.025550652693594023
0.34000646758127007
-0.5889631473320592
-0.2778689671968092
0.061301816861673464
0.1512599072218106
-0.6230547380516518
-0.2345228995261187
0.7922727455156071
0.11928802076272885
-0.13519480845457604
0.459125904270154
-0.04192747212155376
-0.08042096401275131
0.6573434750992968
0.2754609357040125
-7.9967907296305984
-3.4570993724730807
-7.882646950427292
-5.868268492609687
-5.749141304442994
-3.7372629202854757
-6.735865111137027
-5.403630492560941
-3.386351779783182
-5.780601694724605
0.958568727966897
0.3778938782924958
0.06881394041781275
0.36783949090750695
0.3697116889854079
0.33395411396529445
0.3955281317962355
0.7654435585804109
0.4470557887547633
0.6517815548860203
0.6420320583353177
0.8365151525838623
0.9520754994610743
0.8137133182883639
0.48479344443676925
0.7944549957400704
0.439290718501626
0.99066072477975
0.15467753156491032
0.620139478837452
0.38562200094775545
0.19218254679661828
0.238369240908899
0.4797475218587195
0.5834910072771665
0.6056595189053003
0.5300281694700307
0.1751923634948772
0.5296272453324334
0.4127684597469531
0.6349659898435989
0.8486588959221958
0.7100826635498644
0.047359620668359304
0.6756766965406555
0.254216173608516
0.35601961046011843
0.5511835964058565
0.13961004640796548
0.36042964180926895
0.11082620297529122
0.3738270705460982
0.1453874752374259
0.7533685786508798
0.4823850860858504
0.6064301266263228
0.7370456392542454
0.732992946937961
0.15144891538266003
0.7399139889301459
0.9984521307964072
0.16874590830055614
0.5635213009795419
0.9652057878258924
0.5896087626125923
0.6850617134784217
0.7443372398284032
0.3659544708601723
0.772377476143731
0.15863026291411908
0.9479821585861034
0.09349046505036462
0.11523489440861345
0.8266439209531828
0.5718844702784585
0.7592887835324312
0.8449813360937605
0.5288838749156106
0.7543613162797012
0.8319534792112825
0.24790071600646912
0.7363864655207436
0.2080928130328088
0.7837491445101532
0.6136880456993601
0.05556300240231704
0.13684562229725905
0.09596286754867012
0.9625312764195038
0.8390290216956132
0.5329611055551258
0.0028879195150776082
0.19905503765657806
0.3830319936117783
0.7595699857894743
0.030978122909728456
0.39640364522432914
0.946248999146066
0.0841893610840504
0.9727300062767005
0.6295614307518507
0.4858592971085083
0.7493044289960106
0.9241072959153616
0.14907845976743572
0.5741787156396417
0.24073156044767086
0.40983022096678634
0.7146903099255164
0.43277636180916745
0.6460053855790062
0.4226100830674313
0.592890567362444
0.40087643247235394
0.38272775860018016
0.41041714822191566
0.06333548327988148
0.4409808813297026
0.12076146513033714
0.8601277974180319
0.27602989239559206
0.47703194876854194
0.42234691985169626
0.1464047555693554
0.9545643991550424
0.459065304421451
0.48066602355825516
0.7414217926996184
0.7502439898078896
0.05318864685649205
0.3500715120573219
0.7140527489712849
0.017768120359417106
0.7668523714535289
0.2301468115229055
0.6864013045925051
0.40519343722327816
0.13676257334805375
0.6909553854951367
0.061057350282275324
0.2632674159045848
0.9526709181880414
0.5198995046225419
0.07002958517605684
0.4808668474858173
0.26396440271740595
0.3161914854354161
0.5975070836240836
0.8282861729130268
0.770033960051869
0.9729825909766503
0.9839166160465749
0.7310325914967872
0.5401537008943952
0.18424184186858295
0.9983015937692384
0.4157650032946021
0.4455118626866239
0.6495512242876772
0.31971126773667713
0.14779878329963292
0.046553285796122945
0.279004883174077
0.5304910663693272
0.7873482679072094
0.9170482633410414
0.27441729848239105
0.4741101939109881
0.8375116157828486
0.46094891284863726
0.4888493214717272
0.3289974055338091
0.6540721040262097
0.9704763296384726
0.6666545963905319
0.2703636765734423
0.6405108024272905
0.2725153505695499
0.5226959242985599
0.5187484226743309
0.06119586238286967
0.8152757129541074
0.13207476015599628
0.9070336626070418
0.5715334520896335
0.4583120003735014
0.7706637686046234
0.8369282099889755
0.6859364093915024
0.5463770147990118
0.17192663993486945
0.641432051329175
0.18278647963843508
0.07121638270018338
0.14695529829607323
0.9215485918553451
0.8801364356587733
0.8552947270935302
0.6523498052772292
0.38352050035017204
0.30671878480588766
0.72757691414611
0.6845112845094706
0.06712255075376572
0.5398981391113463
0.6038701622808522
0.8291139013846018
0.6260527674283224
0.8855242118262081
0.23286625499500613
0.9009671789567233
0.49822090059622826
0.13421344618707642
0.1239053714161985
0.8721747463986995
0.386741086577027
0.8444067978952263
0.8336161675402644
0.20544192227171854
0.4616935287654479
0.4746221319753441
0.35596949912720066
0.7845786507476455
0.08822757376557067
0.21563964339709052
0.8339156935855618
0.8656906008405317
0.688336516992556
0.057929069806966105
0.19065878964776384
0.8602461303767994
0.5516423020302182
0.97044818922633
0.5647531668339943
0.3051519767933548
0.024786186706327595
0.06401156139734143
0.6255913277425426
0.07516624902122693
0.5295287954679587
0.2657497035377726
0.9444841740256243
0.7494223963987386
0.2864215503458115
0.34074856663913533
0.6014180490992802
0.056532873105636594
0.45391857447902173
0.0627798005054595
0.11870577936812199
-100.0
-100.0
-100.0
-100.0
-100.0
-100.0
-100.0
-100.0
-100.0
-100.0
-100.0
-100.0
-100.0
-100.0
-100.0
-100.0
-100.0
-100.0
-100.0
-100.0
-100.0
-100.0
-100.0
-100.0
-100.0
-100.0
-100.0
-100.0
-100.0
-100.0
-100.0
-100.0
-100.0
-100.0
-100.0
-100.0
-100.0
-100.0
-100.0
-100.0
-100.0
-100.0
-100.0
-100.0
-100.0
-100.0
-100.0
-100.0
-100.0
-100.0
-100.0
-100.0
-100.0
-100.0
-100.0
0.0
100.0
100.0
100.0
100.0
100.0
100.0
100.0
100.0
100.0
100.0
100.0
100.0
100.0
100.0
100.0
100.0
100.0
100.0
100.0
100.0
100.0
100.0
100.0
100.0
100.0
100.0
100.0
100.0
100.0
100.0
100.0
100.0
100.0
100.0
100.0
100.0
100.0
100.0
100.0
100.0
100.0
100.0
100.0
100.0
100.0
100.0
100.0
100.0
100.0
100.0
100.0
100.0
100.0
100.0
